d_t <- 
c(75, 53, 39, 32, 38, 52, 104, 26, 25, 80, 41, 321, 248, 321, 768, 264, 359, 836, 331, 5, 10, 10, 375, 281, 279, 592, 302, 283, 563,
299, 12, 5, 11, 11, 12, 16, 7, 358, 260, 152, 294, 335, 286, 390, 155, 512, 632, 832, 1064, 800, 544, 480, 136, 472, 376, 272, 264, 504,
528, 664, 992, 1016, 784, 592, 120, 416, 248, 136, 176, 459, 342, 189, 522, 1557, 2088, 639, 900, 396, 279, 306, 72, 402, 445, 611, 666,
476, 315, 265, 59, 352, 224, 55, 75, 502, 597, 738, 975, 639, 431, 435, 87, 430, 357, 172, 279, 598, 326, 304, 334, 965, 588, 588, 585, 399,
370, 1109, 633)
deterrence_IRS <- 
c(77, 15, 64, 36, 108, 76, 0, 45, 121, 55, 45, 177, 415, 610, 0, 237, 316, 70, 490, 14, 0, 5, 75, 306, 143, 0, 230, 375,
0, 636, 35, 41, 13, 0, 27, 9, 4, 532, 449, 514, 8, 668, 516, 249, 554, 224, 0, 232, 432, 448, 424, 488, 104, 112, 120, 176, 288, 232, 40,
432, 512, 208, 152, 392, 144, 256, 288, 288, 504, 1215, 1692, 1197, 630, 0, 0, 0, 126, 1287, 864, 288, 594, 224, 0, 232, 432, 448, 424, 488,
104, 112, 120, 176, 288, 224, 0, 232, 432, 448, 424, 488, 104, 112, 120, 176, 288, 367, 0, 0, 0, 0, 0, 335, 0, 0, 0, 0, 0)
deterrence_total <- 
c(227, 131, 212, 106, 184, 196, 192, 97, 171, 217, 127, 849, 957, 1330, 1888, 789, 1056, 1870, 1314, 32, 22, 41, 1165,
1166, 1149, 2352, 1010, 1097, 1474, 1666, 67, 59, 63, 36, 75, 67, 22, 1988, 1473, 1608, 1952, 1852, 1406, 1873, 1406, 1248, 1208, 1976,
2672, 2160, 1544, 1576, 456, 1312, 968, 832, 1648, 1240, 1096, 1776, 2592, 2400, 1816, 1672, 416, 1168, 800, 720, 1432, 2169, 2394, 1683,
1980, 6048, 11214, 6966, 10836, 9747, 6480, 3960, 3042, 1248, 1208, 1976, 2672, 2160, 1544, 1576, 456, 1312, 968, 832, 1648, 1248, 1208,
1976, 2672, 2160, 1544, 1576, 456, 1312, 968, 832, 1648, 1773, 734, 706, 471, 2425, 1316, 1805, 1078, 867, 533, 2587, 1466)
fed_t <- 
c(0, 4, 32, 2, 0, 6, 2, 0, 0, 1, 0, 9, 16, 29, 133, 7, 7, 45, 58, 3, 2, 4, 132, 108, 143, 421, 59, 56, 204, 142, 3, 4, 12, 10, 11,
11, 2, 285, 199, 305, 534, 216, 117, 341, 230, 0, 8, 36, 51, 53, 15, 60, 36, 125, 48, 41, 392, 0, 0, 7, 43, 71, 46, 36, 14, 40, 7, 71, 288,
9, 6, 40, 120, 1330, 3368, 2624, 4148, 3695, 2416, 1530, 1084, 105, 193, 237, 412, 359, 231, 263, 106, 241, 200, 200, 569, 10, 42, 122, 132,
205, 122, 103, 81, 165, 67, 114, 377, 55, 24, 54, 6, 144, 79, 71, 72, 99, 15, 138, 128)
IRS <- 
c(1, 1, 1, 2, 2, 2, 2, 2, 2, 2, 2, 2, 2, 2, 2, 2, 2, 2, 2, 2, 2, 2, 2, 2, 2, 2, 2, 2, 2, 2, 2, 2, 2, 2, 2, 2, 2, 2, 2, 2, 2, 2, 2,
2, 2, 3, 3, 3, 3, 3, 3, 3, 3, 3, 3, 3, 3, 3, 3, 3, 3, 3, 3, 3, 3, 3, 3, 3, 3, 4, 4, 4, 4, 4, 4, 4, 4, 4, 4, 4, 4, 5, 5, 5, 5, 5, 5, 5, 5, 5,
5, 5, 5, 5, 5, 5, 5, 5, 5, 5, 5, 5, 5, 5, 5, 6, 6, 6, 6, 6, 6, 6, 6, 6, 6, 6, 6)
N <- 117
N_IRS <- 6
n_t <- 
c(75, 58, 74, 35, 38, 60, 106, 26, 25, 81, 41, 336, 271, 360, 986, 276, 370, 900, 412, 9, 12, 18, 545, 430, 503, 1201, 390, 361,
828, 515, 16, 9, 25, 23, 24, 29, 9, 728, 512, 547, 972, 592, 445, 812, 426, 512, 640, 872, 1120, 856, 560, 544, 176, 600, 424, 328, 680,
504, 528, 672, 1040, 1096, 832, 640, 136, 456, 256, 216, 464, 477, 351, 243, 675, 3141, 6183, 3528, 5355, 4230, 2808, 1836, 1224, 512, 640,
872, 1120, 856, 560, 544, 176, 600, 424, 328, 680, 512, 640, 872, 1120, 856, 560, 544, 176, 600, 424, 328, 680, 703, 370, 385, 359, 1378,
795, 735, 714, 546, 421, 1540, 945)
time <- 
c(30, 60, 180, 45, 45, 45, 45, 45, 45, 45, 45, 45, 45, 45, 45, 45, 45, 45, 45, 135, 135, 135, 135, 135, 135, 135, 135, 135, 135,
135, 270, 270, 270, 270, 270, 270, 270, 270, 270, 270, 270, 270, 270, 270, 270, 30, 60, 90, 120, 150, 180, 210, 240, 270, 300, 330, 360, 30,
60, 90, 120, 150, 180, 210, 240, 270, 300, 330, 360, 30, 60, 90, 120, 150, 180, 210, 240, 270, 300, 330, 360, 30, 60, 90, 120, 150, 180,
210, 240, 270, 300, 330, 360, 30, 60, 90, 120, 150, 180, 210, 240, 270, 300, 330, 360, 60, 120, 180, 240, 300, 360, 60, 120, 180, 240, 300,
360)
